1.217000000000000000e+03 6.610000000000000000e+02
1.218000000000000000e+03 6.610000000000000000e+02
1.215000000000000000e+03 6.600000000000000000e+02
1.216000000000000000e+03 6.610000000000000000e+02
1.135000000000000000e+03 6.250000000000000000e+02
1.135000000000000000e+03 6.250000000000000000e+02
1.134000000000000000e+03 6.250000000000000000e+02
1.134000000000000000e+03 6.230000000000000000e+02
1.098000000000000000e+03 6.170000000000000000e+02
1.095000000000000000e+03 6.160000000000000000e+02
1.094000000000000000e+03 6.180000000000000000e+02
1.093000000000000000e+03 6.180000000000000000e+02
1.094000000000000000e+03 6.190000000000000000e+02
1.094000000000000000e+03 6.200000000000000000e+02
1.054000000000000000e+03 6.050000000000000000e+02
1.048000000000000000e+03 6.040000000000000000e+02
1.047000000000000000e+03 6.040000000000000000e+02
1.048000000000000000e+03 6.040000000000000000e+02
1.049000000000000000e+03 6.030000000000000000e+02
1.048000000000000000e+03 6.040000000000000000e+02
1.048000000000000000e+03 6.030000000000000000e+02
1.048000000000000000e+03 6.030000000000000000e+02
1.047000000000000000e+03 6.020000000000000000e+02
1.046000000000000000e+03 6.030000000000000000e+02
1.045000000000000000e+03 6.020000000000000000e+02
1.046000000000000000e+03 6.020000000000000000e+02
1.045000000000000000e+03 6.010000000000000000e+02
1.045000000000000000e+03 6.020000000000000000e+02
1.045000000000000000e+03 6.010000000000000000e+02
1.044000000000000000e+03 6.000000000000000000e+02
1.044000000000000000e+03 6.000000000000000000e+02
1.043000000000000000e+03 6.010000000000000000e+02
1.041000000000000000e+03 5.990000000000000000e+02
1.042000000000000000e+03 5.990000000000000000e+02
1.041000000000000000e+03 5.980000000000000000e+02
1.040000000000000000e+03 5.980000000000000000e+02
1.039000000000000000e+03 5.970000000000000000e+02
1.039000000000000000e+03 5.960000000000000000e+02
1.038000000000000000e+03 5.960000000000000000e+02
1.029000000000000000e+03 5.910000000000000000e+02
1.028000000000000000e+03 5.910000000000000000e+02
1.028000000000000000e+03 5.900000000000000000e+02
1.026000000000000000e+03 5.890000000000000000e+02
1.024000000000000000e+03 5.890000000000000000e+02
1.023000000000000000e+03 5.880000000000000000e+02
1.023000000000000000e+03 5.870000000000000000e+02
1.022000000000000000e+03 5.880000000000000000e+02
1.020000000000000000e+03 5.870000000000000000e+02
1.020000000000000000e+03 5.860000000000000000e+02
1.020000000000000000e+03 5.870000000000000000e+02
1.014000000000000000e+03 5.880000000000000000e+02
1.012000000000000000e+03 5.870000000000000000e+02
1.013000000000000000e+03 5.880000000000000000e+02
1.013000000000000000e+03 5.870000000000000000e+02
1.013000000000000000e+03 5.880000000000000000e+02
1.011000000000000000e+03 5.870000000000000000e+02
1.010000000000000000e+03 5.870000000000000000e+02
1.011000000000000000e+03 5.860000000000000000e+02
1.010000000000000000e+03 5.870000000000000000e+02
1.009000000000000000e+03 5.870000000000000000e+02
9.800000000000000000e+02 5.870000000000000000e+02
9.790000000000000000e+02 5.870000000000000000e+02
9.770000000000000000e+02 5.880000000000000000e+02
9.750000000000000000e+02 5.880000000000000000e+02
9.750000000000000000e+02 5.880000000000000000e+02
9.760000000000000000e+02 5.890000000000000000e+02
9.740000000000000000e+02 5.900000000000000000e+02
9.740000000000000000e+02 5.900000000000000000e+02
9.730000000000000000e+02 5.910000000000000000e+02
9.720000000000000000e+02 5.910000000000000000e+02
9.720000000000000000e+02 5.910000000000000000e+02
9.720000000000000000e+02 5.910000000000000000e+02
9.730000000000000000e+02 5.920000000000000000e+02
9.740000000000000000e+02 5.920000000000000000e+02
9.740000000000000000e+02 5.920000000000000000e+02
9.720000000000000000e+02 5.920000000000000000e+02
9.720000000000000000e+02 5.910000000000000000e+02
9.710000000000000000e+02 5.910000000000000000e+02
9.710000000000000000e+02 5.900000000000000000e+02
9.690000000000000000e+02 5.910000000000000000e+02
9.670000000000000000e+02 5.910000000000000000e+02
9.660000000000000000e+02 5.910000000000000000e+02
9.650000000000000000e+02 5.910000000000000000e+02
9.640000000000000000e+02 5.910000000000000000e+02
9.630000000000000000e+02 5.900000000000000000e+02
9.630000000000000000e+02 5.900000000000000000e+02
9.630000000000000000e+02 5.900000000000000000e+02
9.610000000000000000e+02 5.910000000000000000e+02
9.600000000000000000e+02 5.910000000000000000e+02
9.590000000000000000e+02 5.910000000000000000e+02
9.590000000000000000e+02 5.910000000000000000e+02
9.600000000000000000e+02 5.910000000000000000e+02
9.440000000000000000e+02 5.950000000000000000e+02
9.440000000000000000e+02 5.940000000000000000e+02
9.410000000000000000e+02 5.940000000000000000e+02
9.390000000000000000e+02 5.950000000000000000e+02
9.370000000000000000e+02 5.950000000000000000e+02
9.320000000000000000e+02 5.950000000000000000e+02
9.300000000000000000e+02 5.950000000000000000e+02
9.290000000000000000e+02 5.940000000000000000e+02
9.290000000000000000e+02 5.940000000000000000e+02
9.290000000000000000e+02 5.940000000000000000e+02
9.300000000000000000e+02 5.940000000000000000e+02
9.300000000000000000e+02 5.950000000000000000e+02
9.280000000000000000e+02 5.950000000000000000e+02
9.270000000000000000e+02 5.970000000000000000e+02
9.270000000000000000e+02 5.970000000000000000e+02
9.240000000000000000e+02 5.960000000000000000e+02
9.240000000000000000e+02 5.970000000000000000e+02
9.260000000000000000e+02 5.990000000000000000e+02
9.240000000000000000e+02 5.990000000000000000e+02
9.250000000000000000e+02 5.990000000000000000e+02
9.240000000000000000e+02 6.000000000000000000e+02
9.250000000000000000e+02 6.000000000000000000e+02
9.240000000000000000e+02 6.000000000000000000e+02
9.230000000000000000e+02 6.000000000000000000e+02
9.220000000000000000e+02 6.000000000000000000e+02
9.190000000000000000e+02 6.000000000000000000e+02
9.160000000000000000e+02 6.000000000000000000e+02
9.170000000000000000e+02 6.000000000000000000e+02
9.160000000000000000e+02 6.000000000000000000e+02
9.160000000000000000e+02 6.000000000000000000e+02
9.150000000000000000e+02 6.010000000000000000e+02
9.140000000000000000e+02 6.010000000000000000e+02
9.130000000000000000e+02 6.000000000000000000e+02
9.110000000000000000e+02 6.000000000000000000e+02
9.100000000000000000e+02 6.010000000000000000e+02
9.090000000000000000e+02 6.010000000000000000e+02
9.080000000000000000e+02 6.010000000000000000e+02
9.070000000000000000e+02 6.010000000000000000e+02
9.070000000000000000e+02 6.000000000000000000e+02
9.050000000000000000e+02 6.000000000000000000e+02
9.030000000000000000e+02 6.000000000000000000e+02
9.030000000000000000e+02 6.000000000000000000e+02
9.030000000000000000e+02 5.990000000000000000e+02
9.010000000000000000e+02 5.980000000000000000e+02
9.000000000000000000e+02 5.980000000000000000e+02
9.000000000000000000e+02 5.960000000000000000e+02
8.910000000000000000e+02 5.920000000000000000e+02
8.900000000000000000e+02 5.910000000000000000e+02
8.910000000000000000e+02 5.910000000000000000e+02
8.890000000000000000e+02 5.900000000000000000e+02
8.870000000000000000e+02 5.910000000000000000e+02
8.870000000000000000e+02 5.910000000000000000e+02
8.870000000000000000e+02 5.910000000000000000e+02
8.860000000000000000e+02 5.920000000000000000e+02
8.870000000000000000e+02 5.910000000000000000e+02
8.860000000000000000e+02 5.920000000000000000e+02
8.850000000000000000e+02 5.890000000000000000e+02
8.850000000000000000e+02 5.920000000000000000e+02
8.850000000000000000e+02 5.890000000000000000e+02
8.850000000000000000e+02 5.920000000000000000e+02
8.850000000000000000e+02 5.890000000000000000e+02
8.840000000000000000e+02 5.920000000000000000e+02
8.850000000000000000e+02 5.890000000000000000e+02
8.840000000000000000e+02 5.920000000000000000e+02
8.840000000000000000e+02 5.890000000000000000e+02
8.830000000000000000e+02 5.910000000000000000e+02
8.840000000000000000e+02 5.890000000000000000e+02
8.830000000000000000e+02 5.910000000000000000e+02
8.830000000000000000e+02 5.890000000000000000e+02
8.830000000000000000e+02 5.910000000000000000e+02
8.810000000000000000e+02 5.880000000000000000e+02
8.790000000000000000e+02 5.890000000000000000e+02
8.790000000000000000e+02 5.890000000000000000e+02
8.780000000000000000e+02 5.880000000000000000e+02
8.770000000000000000e+02 5.900000000000000000e+02
8.780000000000000000e+02 5.880000000000000000e+02
8.760000000000000000e+02 5.870000000000000000e+02
8.760000000000000000e+02 5.870000000000000000e+02
8.760000000000000000e+02 5.880000000000000000e+02
8.740000000000000000e+02 5.880000000000000000e+02
8.740000000000000000e+02 5.880000000000000000e+02
8.730000000000000000e+02 5.890000000000000000e+02
8.710000000000000000e+02 5.880000000000000000e+02
8.710000000000000000e+02 5.880000000000000000e+02
8.720000000000000000e+02 5.870000000000000000e+02
8.720000000000000000e+02 5.870000000000000000e+02
8.720000000000000000e+02 5.860000000000000000e+02
8.730000000000000000e+02 5.860000000000000000e+02
8.710000000000000000e+02 5.860000000000000000e+02
8.690000000000000000e+02 5.850000000000000000e+02
8.700000000000000000e+02 5.860000000000000000e+02
8.680000000000000000e+02 5.860000000000000000e+02
8.660000000000000000e+02 5.850000000000000000e+02
8.660000000000000000e+02 5.850000000000000000e+02
8.630000000000000000e+02 5.830000000000000000e+02
8.650000000000000000e+02 5.840000000000000000e+02
8.620000000000000000e+02 5.830000000000000000e+02
8.640000000000000000e+02 5.840000000000000000e+02
8.610000000000000000e+02 5.830000000000000000e+02
8.600000000000000000e+02 5.830000000000000000e+02
8.590000000000000000e+02 5.830000000000000000e+02
8.580000000000000000e+02 5.840000000000000000e+02
8.570000000000000000e+02 5.820000000000000000e+02
8.570000000000000000e+02 5.830000000000000000e+02
8.530000000000000000e+02 5.820000000000000000e+02
8.500000000000000000e+02 5.800000000000000000e+02
8.440000000000000000e+02 5.790000000000000000e+02
8.390000000000000000e+02 5.780000000000000000e+02
8.370000000000000000e+02 5.780000000000000000e+02
8.350000000000000000e+02 5.780000000000000000e+02
8.330000000000000000e+02 5.770000000000000000e+02
8.330000000000000000e+02 5.770000000000000000e+02
8.330000000000000000e+02 5.760000000000000000e+02
8.320000000000000000e+02 5.760000000000000000e+02
8.310000000000000000e+02 5.750000000000000000e+02
8.320000000000000000e+02 5.740000000000000000e+02
8.190000000000000000e+02 5.740000000000000000e+02
8.190000000000000000e+02 5.740000000000000000e+02
8.140000000000000000e+02 5.740000000000000000e+02
8.130000000000000000e+02 5.720000000000000000e+02
8.120000000000000000e+02 5.710000000000000000e+02
8.130000000000000000e+02 5.710000000000000000e+02
8.130000000000000000e+02 5.700000000000000000e+02
8.110000000000000000e+02 5.690000000000000000e+02
8.110000000000000000e+02 5.690000000000000000e+02
8.110000000000000000e+02 5.690000000000000000e+02
8.100000000000000000e+02 5.680000000000000000e+02
8.100000000000000000e+02 5.690000000000000000e+02
8.100000000000000000e+02 5.690000000000000000e+02
8.100000000000000000e+02 5.670000000000000000e+02
8.090000000000000000e+02 5.670000000000000000e+02
8.080000000000000000e+02 5.670000000000000000e+02
8.080000000000000000e+02 5.670000000000000000e+02
8.090000000000000000e+02 5.680000000000000000e+02
8.080000000000000000e+02 5.670000000000000000e+02
8.090000000000000000e+02 5.670000000000000000e+02
8.090000000000000000e+02 5.680000000000000000e+02
8.050000000000000000e+02 5.670000000000000000e+02
8.040000000000000000e+02 5.670000000000000000e+02
8.050000000000000000e+02 5.670000000000000000e+02
8.040000000000000000e+02 5.660000000000000000e+02
8.040000000000000000e+02 5.660000000000000000e+02
8.050000000000000000e+02 5.660000000000000000e+02
8.050000000000000000e+02 5.670000000000000000e+02
8.060000000000000000e+02 5.670000000000000000e+02
8.060000000000000000e+02 5.670000000000000000e+02
8.050000000000000000e+02 5.660000000000000000e+02
8.050000000000000000e+02 5.670000000000000000e+02
8.050000000000000000e+02 5.640000000000000000e+02
8.050000000000000000e+02 5.660000000000000000e+02
8.060000000000000000e+02 5.650000000000000000e+02
8.050000000000000000e+02 5.640000000000000000e+02
8.040000000000000000e+02 5.640000000000000000e+02
8.050000000000000000e+02 5.600000000000000000e+02
8.030000000000000000e+02 5.600000000000000000e+02
8.030000000000000000e+02 5.600000000000000000e+02
8.060000000000000000e+02 5.600000000000000000e+02
8.050000000000000000e+02 5.570000000000000000e+02
8.050000000000000000e+02 5.600000000000000000e+02
8.060000000000000000e+02 5.590000000000000000e+02
8.050000000000000000e+02 5.610000000000000000e+02
8.050000000000000000e+02 5.610000000000000000e+02
8.060000000000000000e+02 5.620000000000000000e+02
8.040000000000000000e+02 5.600000000000000000e+02
8.050000000000000000e+02 5.590000000000000000e+02
8.050000000000000000e+02 5.600000000000000000e+02
8.050000000000000000e+02 5.590000000000000000e+02
8.040000000000000000e+02 5.590000000000000000e+02
8.040000000000000000e+02 5.590000000000000000e+02
8.050000000000000000e+02 5.590000000000000000e+02
8.050000000000000000e+02 5.580000000000000000e+02
8.060000000000000000e+02 5.590000000000000000e+02
8.060000000000000000e+02 5.580000000000000000e+02
8.050000000000000000e+02 5.570000000000000000e+02
8.080000000000000000e+02 5.570000000000000000e+02
8.070000000000000000e+02 5.540000000000000000e+02
8.070000000000000000e+02 5.530000000000000000e+02
8.050000000000000000e+02 5.510000000000000000e+02
8.050000000000000000e+02 5.500000000000000000e+02
8.040000000000000000e+02 5.510000000000000000e+02
8.030000000000000000e+02 5.500000000000000000e+02
8.050000000000000000e+02 5.490000000000000000e+02
8.060000000000000000e+02 5.490000000000000000e+02
8.030000000000000000e+02 5.480000000000000000e+02
8.000000000000000000e+02 5.440000000000000000e+02
8.010000000000000000e+02 5.450000000000000000e+02
8.000000000000000000e+02 5.450000000000000000e+02
8.000000000000000000e+02 5.440000000000000000e+02
7.980000000000000000e+02 5.440000000000000000e+02
8.000000000000000000e+02 5.450000000000000000e+02
8.010000000000000000e+02 5.450000000000000000e+02
8.010000000000000000e+02 5.440000000000000000e+02
8.000000000000000000e+02 5.430000000000000000e+02
8.000000000000000000e+02 5.430000000000000000e+02
7.990000000000000000e+02 5.430000000000000000e+02
7.970000000000000000e+02 5.430000000000000000e+02
7.950000000000000000e+02 5.420000000000000000e+02
7.890000000000000000e+02 5.320000000000000000e+02
6.420000000000000000e+02 3.740000000000000000e+02
6.430000000000000000e+02 3.740000000000000000e+02
6.410000000000000000e+02 3.710000000000000000e+02
6.420000000000000000e+02 3.710000000000000000e+02
6.320000000000000000e+02 3.650000000000000000e+02
6.320000000000000000e+02 3.650000000000000000e+02
6.320000000000000000e+02 3.640000000000000000e+02
6.320000000000000000e+02 3.650000000000000000e+02
6.320000000000000000e+02 3.650000000000000000e+02
6.320000000000000000e+02 3.630000000000000000e+02
6.320000000000000000e+02 3.630000000000000000e+02
6.310000000000000000e+02 3.640000000000000000e+02
6.300000000000000000e+02 3.650000000000000000e+02
6.300000000000000000e+02 3.630000000000000000e+02
6.200000000000000000e+02 3.610000000000000000e+02
6.200000000000000000e+02 3.610000000000000000e+02
6.190000000000000000e+02 3.590000000000000000e+02
6.170000000000000000e+02 3.580000000000000000e+02
6.150000000000000000e+02 3.570000000000000000e+02
6.160000000000000000e+02 3.570000000000000000e+02
6.150000000000000000e+02 3.570000000000000000e+02
6.160000000000000000e+02 3.570000000000000000e+02
6.150000000000000000e+02 3.560000000000000000e+02
5.250000000000000000e+02 3.190000000000000000e+02
5.240000000000000000e+02 3.200000000000000000e+02
5.220000000000000000e+02 3.180000000000000000e+02
4.820000000000000000e+02 3.140000000000000000e+02
4.820000000000000000e+02 3.130000000000000000e+02
4.820000000000000000e+02 3.140000000000000000e+02
4.820000000000000000e+02 3.140000000000000000e+02
4.740000000000000000e+02 3.140000000000000000e+02
4.690000000000000000e+02 3.120000000000000000e+02
4.670000000000000000e+02 3.100000000000000000e+02
4.680000000000000000e+02 3.110000000000000000e+02
